ID	Area	MinFeret	EQPC
1	3.723	0.842	2.177216302
2	0.355	0.595	0.672309481
3	1.95	1.263	1.575695755
4	0.709	0.799	0.950119381
5	1.773	1.263	1.502482517
6	1.064	0.842	1.16392735
7	0.355	0.595	0.672309481
8	1.596	1.263	1.425514052
9	0.532	0.421	0.823020922
10	6.205	2.947	2.810774159
11	0.177	0.421	0.474724551
12	0.177	0.421	0.474724551
13	0.177	0.421	0.474724551
14	0.177	0.421	0.474724551
15	10.992	3.368	3.741049195
16	0.177	0.421	0.474724551
17	0.355	0.421	0.672309481
18	0.177	0.421	0.474724551
19	0.355	0.421	0.672309481
20	0.355	0.595	0.672309481
21	0.177	0.421	0.474724551
22	0.355	0.595	0.672309481
23	1.064	1.065	1.16392735
24	6.737	2.947	2.928790674
25	1.064	0.893	1.16392735
26	0.177	0.421	0.474724551
27	0.177	0.421	0.474724551
28	4.255	2.105	2.327581204
29	1.596	1.263	1.425514052
30	1.241	1.263	1.257016418
31	0.177	0.421	0.474724551
32	9.042	3.789	3.393026962
33	6.737	2.947	2.928790674
34	1.064	1.263	1.16392735
35	0.177	0.421	0.474724551
36	0.177	0.421	0.474724551
37	0.177	0.421	0.474724551
38	0.177	0.421	0.474724551
39	0.177	0.421	0.474724551
40	0.532	0.421	0.823020922
41	0.177	0.421	0.474724551
42	0.177	0.421	0.474724551
43	0.177	0.421	0.474724551
44	0.177	0.421	0.474724551
45	0.355	0.421	0.672309481
46	0.177	0.421	0.474724551
47	0.177	0.421	0.474724551
48	26.77	5.053	5.838203715
49	0.177	0.421	0.474724551
50	0.709	0.842	0.950119381
51	0.177	0.421	0.474724551
52	0.177	0.421	0.474724551
53	0.177	0.421	0.474724551
54	0.177	0.421	0.474724551
55	0.177	0.421	0.474724551
56	0.177	0.421	0.474724551
57	0.532	0.753	0.823020922
58	0.177	0.421	0.474724551
59	2.305	1.684	1.713130804
60	4.964	2.526	2.514032836
61	0.355	0.595	0.672309481
62	0.177	0.421	0.474724551
63	0.709	0.817	0.950119381
64	0.177	0.421	0.474724551
65	0.177	0.421	0.474724551
66	0.177	0.421	0.474724551
67	0.177	0.421	0.474724551
68	3.368	2.105	2.07081404
69	0.709	0.842	0.950119381
70	1.064	1.263	1.16392735
71	0.886	1.13	1.062115924
72	0.177	0.421	0.474724551
73	0.177	0.421	0.474724551
74	0.177	0.421	0.474724551
75	0.886	1.191	1.062115924
76	0.177	0.421	0.474724551
77	0.177	0.421	0.474724551
78	1.773	1.489	1.502482517
79	0.177	0.421	0.474724551
80	0.886	0.842	1.062115924
81	0.355	0.421	0.672309481
82	0.709	0.842	0.950119381
83	0.355	0.421	0.672309481
84	0.177	0.421	0.474724551
85	0.177	0.421	0.474724551
86	0.355	0.595	0.672309481
87	0.177	0.421	0.474724551
88	0.177	0.421	0.474724551
89	0.177	0.421	0.474724551
90	1.773	1.684	1.502482517
91	1.064	1.263	1.16392735
92	0.177	0.421	0.474724551
93	0.532	0.842	0.823020922
94	0.355	0.595	0.672309481
95	0.177	0.421	0.474724551
96	5.141	2.105	2.558461354
97	0.886	0.842	1.062115924
98	0.177	0.421	0.474724551
99	2.482	1.786	1.777689666
100	0.177	0.421	0.474724551
101	2.837	2.071	1.900573752
102	0.355	0.421	0.672309481
103	1.418	1.198	1.343671714
104	0.177	0.421	0.474724551
105	0.177	0.421	0.474724551
106	1.596	1.191	1.425514052
107	1.064	1.191	1.16392735
108	7.446	1.684	3.079048822
109	0.177	0.421	0.474724551
110	0.709	0.893	0.950119381
111	4.432	1.982	2.375499455
112	31.911	7.115	6.37419384
113	0.355	0.421	0.672309481
114	0.177	0.421	0.474724551
115	0.177	0.421	0.474724551
116	0.177	0.421	0.474724551
117	0.886	1.13	1.062115924
118	6.382	3.201	2.85058148
119	0.177	0.421	0.474724551
120	6.028	2.105	2.770394913
121	0.532	0.421	0.823020922
122	0.355	0.421	0.672309481
123	33.861	6.591	6.566061546
124	11.701	3.766	3.859815528
125	0.177	0.421	0.474724551
126	0.355	0.595	0.672309481
127	0.177	0.421	0.474724551
128	0.177	0.421	0.474724551
129	0.177	0.421	0.474724551
130	0.886	1.191	1.062115924
131	0.177	0.421	0.474724551
132	0.709	0.842	0.950119381
133	1.596	1.263	1.425514052
134	14.537	4.632	4.302218412
135	0.177	0.421	0.474724551
136	0.177	0.421	0.474724551
137	0.177	0.421	0.474724551
138	0.177	0.421	0.474724551
139	0.177	0.421	0.474724551
140	2.482	1.489	1.777689666
141	0.177	0.421	0.474724551
142	5.673	2.947	2.687580313
143	1.241	1.263	1.257016418
144	0.709	0.893	0.950119381
145	0.177	0.421	0.474724551
146	0.177	0.421	0.474724551
147	0.177	0.421	0.474724551
148	0.886	0.842	1.062115924
149	0.177	0.421	0.474724551
150	0.355	0.421	0.672309481
151	0.177	0.421	0.474724551
152	0.709	0.842	0.950119381
153	0.355	0.421	0.672309481
154	3.014	1.684	1.95896503
155	0.177	0.421	0.474724551
156	0.177	0.421	0.474724551
157	0.177	0.421	0.474724551
158	0.532	0.842	0.823020922
159	3.546	2.526	2.124831152
160	16.31	4.582	4.557031597
161	0.355	0.595	0.672309481
162	0.532	0.753	0.823020922
163	0.532	0.753	0.823020922
164	5.496	2.859	2.645321254
165	0.177	0.421	0.474724551
166	14.715	4.632	4.328477781
167	0.177	0.421	0.474724551
168	1.596	1.263	1.425514052
169	0.709	0.842	0.950119381
170	0.355	0.421	0.672309481
171	0.177	0.421	0.474724551
172	0.177	0.421	0.474724551
173	0.177	0.421	0.474724551
174	0.177	0.421	0.474724551
175	0.177	0.421	0.474724551
176	0.355	0.421	0.672309481
177	0.177	0.421	0.474724551
178	0.355	0.421	0.672309481
179	0.886	0.842	1.062115924
180	0.532	0.421	0.823020922
181	1.596	1.263	1.425514052
182	0.886	0.893	1.062115924
183	0.177	0.421	0.474724551
184	0.177	0.421	0.474724551
185	0.177	0.421	0.474724551
186	0.177	0.421	0.474724551
187	1.241	1.263	1.257016418
188	1.064	1.198	1.16392735
189	0.355	0.421	0.672309481
190	0.177	0.421	0.474724551
191	0.532	0.421	0.823020922
192	0.177	0.421	0.474724551
193	0.177	0.421	0.474724551
194	0.532	0.842	0.823020922
195	0.177	0.421	0.474724551
196	1.95	1.263	1.575695755
197	3.546	2.105	2.124831152
198	1.95	1.695	1.575695755
199	0.177	0.421	0.474724551
200	0.886	1.263	1.062115924
201	0.886	1.263	1.062115924
202	0.177	0.421	0.474724551
203	0.177	0.421	0.474724551
204	0.177	0.421	0.474724551
205	1.241	1.263	1.257016418
206	1.241	1.191	1.257016418
207	0.177	0.421	0.474724551
208	0.177	0.421	0.474724551
209	0.177	0.421	0.474724551
210	4.078	2.526	2.278655495
211	0.177	0.421	0.474724551
212	1.596	1.684	1.425514052
213	0.355	0.595	0.672309481
214	7.269	2.825	3.042232445
215	0.177	0.421	0.474724551
216	0.177	0.421	0.474724551
217	2.837	2.105	1.900573752
218	1.418	1.489	1.343671714
219	0.532	0.421	0.823020922
220	0.177	0.421	0.474724551
221	10.992	3.87	3.741049195
222	0.177	0.421	0.474724551
223	0.355	0.595	0.672309481
224	0.177	0.421	0.474724551
225	0.532	0.753	0.823020922
226	0.886	1.13	1.062115924
227	2.305	1.634	1.713130804
228	0.177	0.421	0.474724551
229	0.177	0.421	0.474724551
230	0.709	0.842	0.950119381
231	0.709	0.842	0.950119381
232	0.532	0.842	0.823020922
233	0.177	0.421	0.474724551
234	1.064	1.191	1.16392735
235	0.177	0.421	0.474724551
236	0.177	0.421	0.474724551
237	0.177	0.421	0.474724551
238	5.141	2.89	2.558461354
239	1.95	1.684	1.575695755
240	0.355	0.421	0.672309481
241	0.177	0.421	0.474724551
242	0.177	0.421	0.474724551
243	0.177	0.421	0.474724551
244	2.659	1.684	1.839984769
245	1.241	1.263	1.257016418
246	0.709	0.893	0.950119381
247	254.404	16.414	17.99770077
248	0.532	0.595	0.823020922
249	0.177	0.421	0.474724551
250	0.355	0.421	0.672309481
251	0.177	0.421	0.474724551
252	2.127	1.263	1.64565504
253	0.177	0.421	0.474724551
254	0.177	0.421	0.474724551
255	4.078	1.997	2.278655495
256	1.241	1.191	1.257016418
257	0.355	0.595	0.672309481
258	0.177	0.421	0.474724551
259	3.014	2.084	1.95896503
260	0.709	0.842	0.950119381
261	1.418	1.263	1.343671714
262	28.72	5.992	6.047101762
263	0.177	0.421	0.474724551
264	7.978	3.368	3.187146857
265	4.787	1.684	2.468804913
266	0.355	0.421	0.672309481
267	1.064	1.263	1.16392735
268	8.687	3.573	3.325752836
269	0.177	0.421	0.474724551
270	0.532	0.842	0.823020922
271	0.709	0.842	0.950119381
272	6.205	2.105	2.810774159
273	0.886	1.191	1.062115924
274	0.709	0.842	0.950119381
275	0.532	0.595	0.823020922
276	0.177	0.421	0.474724551
277	0.177	0.421	0.474724551
278	1.418	1.263	1.343671714
279	1.241	1.489	1.257016418
280	0.177	0.421	0.474724551
281	0.177	0.421	0.474724551
282	1.064	1.191	1.16392735
283	0.886	0.893	1.062115924
284	2.837	2.071	1.900573752
285	0.355	0.421	0.672309481
286	0.177	0.421	0.474724551
287	4.964	2.526	2.514032836
288	1.241	1.318	1.257016418
289	0.355	0.421	0.672309481
290	3.014	1.684	1.95896503
291	1.596	1.263	1.425514052
292	0.355	0.421	0.672309481
293	0.355	0.421	0.672309481
294	0.177	0.421	0.474724551
295	0.177	0.421	0.474724551
296	0.177	0.421	0.474724551
297	5.85	2.451	2.729185105
298	0.177	0.421	0.474724551
299	1.064	1.191	1.16392735
300	0.532	0.595	0.823020922
301	21.629	4.632	5.24775172
302	0.886	0.893	1.062115924
303	11.701	3.789	3.859815528
304	1.596	1.786	1.425514052
305	0.177	0.421	0.474724551
306	0.177	0.421	0.474724551
307	0.177	0.421	0.474724551
308	0.177	0.421	0.474724551
309	0.177	0.421	0.474724551
310	0.177	0.421	0.474724551
311	6.382	2.947	2.85058148
312	0.355	0.421	0.672309481
313	0.177	0.421	0.474724551
314	0.355	0.421	0.672309481
315	0.886	1.191	1.062115924
316	0.355	0.595	0.672309481
317	0.177	0.421	0.474724551
318	1.241	1.263	1.257016418
319	0.177	0.421	0.474724551
320	1.418	1.489	1.343671714
321	0.355	0.421	0.672309481
322	0.177	0.421	0.474724551
323	9.751	3.201	3.523543501
324	0.177	0.421	0.474724551
325	0.177	0.421	0.474724551
326	0.177	0.421	0.474724551
327	1.241	1.263	1.257016418
328	1.064	1.191	1.16392735
329	0.177	0.421	0.474724551
330	1.773	1.684	1.502482517
331	0.532	0.842	0.823020922
332	3.368	2.105	2.07081404
333	0.177	0.421	0.474724551
334	0.532	0.595	0.823020922
335	0.177	0.421	0.474724551
336	0.177	0.421	0.474724551
337	0.177	0.421	0.474724551
338	0.177	0.421	0.474724551
339	0.177	0.421	0.474724551
340	6.56	2.68	2.890060798
341	0.886	0.932	1.062115924
342	123.745	11.298	12.55217222
343	0.177	0.421	0.474724551
344	0.177	0.421	0.474724551
345	0.177	0.421	0.474724551
346	1.418	1.684	1.343671714
347	0.709	0.842	0.950119381
348	1.773	1.263	1.502482517
349	11.701	3.268	3.859815528
350	0.355	0.421	0.672309481
351	0.177	0.421	0.474724551
352	1.418	1.191	1.343671714
353	0.886	0.842	1.062115924
354	0.177	0.421	0.474724551
355	0.177	0.421	0.474724551
356	0.355	0.421	0.672309481
357	0.355	0.421	0.672309481
358	0.355	0.421	0.672309481
359	0.177	0.421	0.474724551
360	0.886	1.191	1.062115924
361	0.177	0.421	0.474724551
362	0.532	0.421	0.823020922
363	0.177	0.421	0.474724551
364	0.177	0.421	0.474724551
365	0.177	0.421	0.474724551
366	12.233	3.728	3.946585784
367	1.064	1.263	1.16392735
368	0.177	0.421	0.474724551
369	0.177	0.421	0.474724551
370	1.773	1.489	1.502482517
371	0.177	0.421	0.474724551
372	1.95	1.684	1.575695755
373	1.241	1.263	1.257016418
374	0.355	0.421	0.672309481
375	2.305	1.684	1.713130804
376	0.177	0.421	0.474724551
377	0.177	0.421	0.474724551
378	0.355	0.421	0.672309481
379	0.886	0.842	1.062115924
380	3.014	2.105	1.95896503
381	24.111	5.474	5.540674928
382	1.241	1.598	1.257016418
383	0.355	0.421	0.672309481
384	0.177	0.421	0.474724551
385	0.355	0.421	0.672309481
386	0.177	0.421	0.474724551
387	0.177	0.421	0.474724551
388	0.177	0.421	0.474724551
389	0.355	0.421	0.672309481
390	0.177	0.421	0.474724551
391	0.177	0.421	0.474724551
392	1.064	0.893	1.16392735
393	0.177	0.421	0.474724551
394	0.532	0.753	0.823020922
395	0.177	0.421	0.474724551
396	0.532	0.842	0.823020922
397	8.51	3.201	3.291696907
398	0.177	0.421	0.474724551
399	0.177	0.421	0.474724551
400	0.177	0.421	0.474724551
401	0.177	0.421	0.474724551
402	0.709	0.842	0.950119381
403	0.177	0.421	0.474724551
404	0.177	0.421	0.474724551
405	0.709	0.893	0.950119381
406	7.091	3.2	3.00475317
407	0.177	0.421	0.474724551
408	1.95	1.684	1.575695755
409	0.177	0.421	0.474724551
410	0.177	0.421	0.474724551
411	0.177	0.421	0.474724551
412	14.715	4.542	4.328477781
413	177.285	12.564	15.02418959
414	0.355	0.421	0.672309481
415	0.177	0.421	0.474724551
416	0.709	0.842	0.950119381
417	0.177	0.421	0.474724551
418	0.177	0.421	0.474724551
419	0.177	0.421	0.474724551
420	0.709	0.842	0.950119381
421	150.515	14.882	13.84346958
422	1.241	1.168	1.257016418
423	0.532	0.595	0.823020922
424	0.355	0.595	0.672309481
425	0.177	0.421	0.474724551
426	0.177	0.421	0.474724551
427	0.886	0.842	1.062115924
428	0.177	0.421	0.474724551
429	0.177	0.421	0.474724551
430	0.177	0.421	0.474724551
431	0.177	0.421	0.474724551
432	0.355	0.421	0.672309481
433	0.355	0.421	0.672309481
434	0.177	0.421	0.474724551
435	0.177	0.421	0.474724551
436	1.596	1.263	1.425514052
437	0.355	0.421	0.672309481
438	0.177	0.421	0.474724551
439	0.177	0.421	0.474724551
440	0.177	0.421	0.474724551
441	0.177	0.421	0.474724551
442	0.177	0.421	0.474724551
443	0.177	0.421	0.474724551
444	0.355	0.595	0.672309481
445	0.532	0.842	0.823020922
446	0.532	0.421	0.823020922
447	0.177	0.421	0.474724551
448	0.177	0.421	0.474724551
449	0.177	0.421	0.474724551
450	0.886	1.13	1.062115924
451	0.177	0.421	0.474724551
452	0.355	0.421	0.672309481
453	0.177	0.421	0.474724551
454	2.127	1.489	1.64565504
455	3.191	2.105	2.015665495
456	0.177	0.421	0.474724551
457	7.801	3.062	3.151593516
458	0.177	0.421	0.474724551
459	0.177	0.421	0.474724551
460	0.532	0.595	0.823020922
461	0.177	0.421	0.474724551
462	0.177	0.421	0.474724551
463	0.177	0.421	0.474724551
464	0.177	0.421	0.474724551
465	0.177	0.421	0.474724551
466	0.177	0.421	0.474724551
467	0.177	0.421	0.474724551
468	0.177	0.421	0.474724551
469	0.177	0.421	0.474724551
470	0.177	0.421	0.474724551
471	1.418	1.263	1.343671714
472	0.177	0.421	0.474724551
473	2.305	1.489	1.713130804
474	0.177	0.421	0.474724551
475	0.177	0.421	0.474724551
476	1.95	1.401	1.575695755
477	0.177	0.421	0.474724551
478	0.177	0.421	0.474724551
479	0.177	0.421	0.474724551
480	0.177	0.421	0.474724551
481	0.355	0.595	0.672309481
482	0.177	0.421	0.474724551
483	0.177	0.421	0.474724551
484	0.355	0.421	0.672309481
485	7.978	2.76	3.187146857
486	0.177	0.421	0.474724551
487	7.269	2.947	3.042232445
488	0.177	0.421	0.474724551
489	5.319	2.825	2.602376056
490	0.709	0.842	0.950119381
491	0.532	0.842	0.823020922
492	0.177	0.421	0.474724551
493	0.177	0.421	0.474724551
494	0.532	0.421	0.823020922
495	0.177	0.421	0.474724551
496	0.177	0.421	0.474724551
497	0.886	1.191	1.062115924
498	0.355	0.595	0.672309481
499	0.355	0.595	0.672309481
500	0.532	0.842	0.823020922
501	0.177	0.421	0.474724551
502	0.177	0.421	0.474724551
503	5.496	2.526	2.645321254
504	0.177	0.421	0.474724551
505	1.064	1.263	1.16392735
506	0.177	0.421	0.474724551
507	0.177	0.421	0.474724551
508	0.532	0.595	0.823020922
509	0.177	0.421	0.474724551
510	0.709	0.842	0.950119381
511	1.596	1.263	1.425514052
512	0.177	0.421	0.474724551
513	0.355	0.421	0.672309481
514	2.305	1.489	1.713130804
515	0.177	0.421	0.474724551
516	0.177	0.421	0.474724551
517	0.177	0.421	0.474724551
518	0.177	0.421	0.474724551
519	0.177	0.421	0.474724551
520	0.886	1.191	1.062115924
521	2.837	1.684	1.900573752
522	0.532	0.421	0.823020922
523	0.177	0.421	0.474724551
524	0.177	0.421	0.474724551
525	1.773	1.684	1.502482517
526	0.177	0.421	0.474724551
527	0.177	0.421	0.474724551
528	0.355	0.421	0.672309481
529	0.177	0.421	0.474724551
530	0.177	0.421	0.474724551
531	0.177	0.421	0.474724551
532	11.524	3.368	3.830510738
533	1.241	1.263	1.257016418
534	0.177	0.421	0.474724551
535	0.177	0.421	0.474724551
536	0.177	0.421	0.474724551
537	0.177	0.421	0.474724551
538	5.141	2.526	2.558461354
539	0.177	0.421	0.474724551
540	0.886	0.842	1.062115924
541	0.709	0.842	0.950119381
542	0.177	0.421	0.474724551
543	1.596	1.263	1.425514052
544	0.177	0.421	0.474724551
545	0.355	0.421	0.672309481
546	0.177	0.421	0.474724551
547	0.177	0.421	0.474724551
548	0.177	0.421	0.474724551
549	0.532	0.753	0.823020922
550	0.177	0.421	0.474724551
551	0.177	0.421	0.474724551
552	0.177	0.421	0.474724551
553	0.177	0.421	0.474724551
554	1.95	1.684	1.575695755
555	0.355	0.595	0.672309481
556	0.886	1.051	1.062115924
557	0.177	0.421	0.474724551
558	0.177	0.421	0.474724551
559	1.064	1.263	1.16392735
560	0.355	0.595	0.672309481
561	0.177	0.421	0.474724551
562	0.177	0.421	0.474724551
563	1.064	1.263	1.16392735
564	0.177	0.421	0.474724551
565	0.177	0.421	0.474724551
566	0.886	0.842	1.062115924
567	0.177	0.421	0.474724551
568	0.177	0.421	0.474724551
569	90.593	11.072	10.73995298
570	1.064	1.191	1.16392735
571	0.177	0.421	0.474724551
572	0.177	0.421	0.474724551
573	0.177	0.421	0.474724551
574	0.709	0.842	0.950119381
575	0.886	1.13	1.062115924
576	0.355	0.421	0.672309481
577	5.85	2.737	2.729185105
578	0.355	0.421	0.672309481
579	0.177	0.421	0.474724551
580	35.457	5.719	6.719021844
581	0.177	0.421	0.474724551
582	0.177	0.421	0.474724551
583	5.496	2.526	2.645321254
584	0.177	0.421	0.474724551
585	0.177	0.421	0.474724551
586	8.332	3.2	3.257089481
587	19.147	5.082	4.937480892
588	0.355	0.421	0.672309481
589	0.177	0.421	0.474724551
590	0.177	0.421	0.474724551
591	0.177	0.421	0.474724551
592	0.355	0.595	0.672309481
593	0.709	0.842	0.950119381
594	0.177	0.421	0.474724551
595	4.255	2.382	2.327581204
596	0.177	0.421	0.474724551
597	0.532	0.421	0.823020922
598	0.177	0.421	0.474724551
599	0.709	0.842	0.950119381
600	0.177	0.421	0.474724551
601	0.177	0.421	0.474724551
602	0.355	0.421	0.672309481
603	0.177	0.421	0.474724551
604	1.064	1.263	1.16392735
605	4.255	2.448	2.327581204
606	0.177	0.421	0.474724551
607	0.177	0.421	0.474724551
608	1.064	1.13	1.16392735
609	0.177	0.421	0.474724551
610	0.177	0.421	0.474724551
611	0.177	0.421	0.474724551
612	0.177	0.421	0.474724551
613	5.141	2.312	2.558461354
614	5.673	2.312	2.687580313
615	1.064	0.842	1.16392735
616	0.177	0.421	0.474724551
617	3.546	2.105	2.124831152
618	0.177	0.421	0.474724551
619	0.177	0.421	0.474724551
620	0.177	0.421	0.474724551
621	0.177	0.421	0.474724551
622	0.886	0.842	1.062115924
623	0.177	0.421	0.474724551
624	0.177	0.421	0.474724551
625	0.177	0.421	0.474724551
626	1.241	1.263	1.257016418
627	0.177	0.421	0.474724551
628	1.064	0.842	1.16392735
629	0.355	0.421	0.672309481
630	0.355	0.595	0.672309481
631	0.177	0.421	0.474724551
632	0.177	0.421	0.474724551
633	0.532	0.595	0.823020922
634	0.177	0.421	0.474724551
635	0.177	0.421	0.474724551
636	0.177	0.421	0.474724551
637	0.355	0.421	0.672309481
638	0.177	0.421	0.474724551
639	0.177	0.421	0.474724551
640	6.382	2.349	2.85058148
641	7.623	2.526	3.115430155
642	0.355	0.595	0.672309481
643	5.673	2.26	2.687580313
644	0.355	0.421	0.672309481
645	0.177	0.421	0.474724551
646	1.064	1.191	1.16392735
647	1.241	1.263	1.257016418
648	8.864	3.275	3.359463547
649	3.723	2.105	2.177216302
650	35.28	5.992	6.702230311
651	0.177	0.421	0.474724551
652	2.482	1.489	1.777689666
653	0.177	0.421	0.474724551
654	0.886	1.051	1.062115924
655	0.177	0.421	0.474724551
656	1.418	1.263	1.343671714
657	14.006	3.789	4.222912865
658	0.709	0.842	0.950119381
659	60.632	6.954	8.786299567
660	0.177	0.421	0.474724551
661	1.418	1.263	1.343671714
662	47.512	7.255	7.777798998
663	0.355	0.595	0.672309481
664	3.014	2.189	1.95896503
665	0.177	0.421	0.474724551
666	0.177	0.421	0.474724551
667	0.177	0.421	0.474724551
668	0.177	0.421	0.474724551
669	3.368	2.448	2.07081404
670	0.177	0.421	0.474724551
671	0.177	0.421	0.474724551
672	1.064	1.263	1.16392735
673	1.773	1.684	1.502482517
674	0.355	0.421	0.672309481
675	0.177	0.421	0.474724551
676	6.56	2.105	2.890060798
677	0.177	0.421	0.474724551
678	11.701	4.084	3.859815528
679	0.355	0.421	0.672309481
680	0.177	0.421	0.474724551
681	0.177	0.421	0.474724551
682	0.177	0.421	0.474724551
683	0.177	0.421	0.474724551
684	1.241	1.263	1.257016418
685	0.177	0.421	0.474724551
686	0.177	0.421	0.474724551
687	0.355	0.421	0.672309481
688	0.177	0.421	0.474724551
689	0.177	0.421	0.474724551
690	1.418	1.263	1.343671714
691	0.532	0.842	0.823020922
692	3.723	2.105	2.177216302
693	9.573	2.947	3.491235048
694	0.177	0.421	0.474724551
695	0.177	0.421	0.474724551
696	0.709	0.421	0.950119381
697	0.177	0.421	0.474724551
698	0.355	0.421	0.672309481
699	4.787	2.526	2.468804913
700	0.177	0.421	0.474724551
701	0.355	0.595	0.672309481
702	1.064	1.263	1.16392735
703	0.886	0.842	1.062115924
704	0.177	0.421	0.474724551
705	0.177	0.421	0.474724551
706	0.177	0.421	0.474724551
707	0.177	0.421	0.474724551
708	4.078	2.105	2.278655495
709	0.177	0.421	0.474724551
710	0.177	0.421	0.474724551
711	1.418	1.263	1.343671714
712	13.474	4.331	4.141935493
713	0.355	0.595	0.672309481
714	0.355	0.421	0.672309481
715	0.177	0.421	0.474724551
716	0.177	0.421	0.474724551
717	0.177	0.421	0.474724551
718	0.886	1.263	1.062115924
719	0.886	1.191	1.062115924
720	0.886	0.842	1.062115924
721	0.177	0.421	0.474724551
722	0.177	0.421	0.474724551
723	0.355	0.421	0.672309481
724	0.177	0.421	0.474724551
725	0.177	0.421	0.474724551
726	15.247	4.211	4.406028068
727	0.355	0.421	0.672309481
728	0.177	0.421	0.474724551
729	0.886	0.842	1.062115924
730	1.773	1.263	1.502482517
731	159.202	11.94	14.23735516
732	0.532	0.842	0.823020922
733	5.496	2.105	2.645321254
734	0.532	0.842	0.823020922
735	70.737	7.92	9.490265838
736	0.355	0.595	0.672309481
737	0.177	0.421	0.474724551
738	0.532	0.842	0.823020922
739	0.177	0.421	0.474724551
740	0.177	0.421	0.474724551
741	0.355	0.595	0.672309481
742	0.355	0.421	0.672309481
743	0.355	0.595	0.672309481
744	0.177	0.421	0.474724551
745	0.177	0.421	0.474724551
746	0.532	0.595	0.823020922
747	2.837	1.985	1.900573752
748	0.886	1.191	1.062115924
749	0.177	0.421	0.474724551
750	0.709	0.842	0.950119381
751	0.177	0.421	0.474724551
752	0.177	0.421	0.474724551
753	0.177	0.421	0.474724551
754	0.177	0.421	0.474724551
755	0.355	0.595	0.672309481
756	0.355	0.421	0.672309481
757	0.177	0.421	0.474724551
758	0.886	1.13	1.062115924
759	0.709	0.842	0.950119381
760	1.241	1.263	1.257016418
761	0.177	0.421	0.474724551
762	0.177	0.421	0.474724551
763	3.723	1.786	2.177216302
764	0.177	0.421	0.474724551
765	0.177	0.421	0.474724551
766	0.177	0.421	0.474724551
767	0.177	0.421	0.474724551
768	0.177	0.421	0.474724551
769	0.886	1.13	1.062115924
770	1.064	0.842	1.16392735
771	5.673	2.105	2.687580313
772	0.355	0.421	0.672309481
773	0.177	0.421	0.474724551
774	2.482	2.071	1.777689666
775	0.355	0.595	0.672309481
776	5.673	2.526	2.687580313
777	0.177	0.421	0.474724551
778	1.064	0.842	1.16392735
779	0.709	0.842	0.950119381
780	0.177	0.421	0.474724551
781	1.241	1.489	1.257016418
782	1.418	1.318	1.343671714
783	0.177	0.421	0.474724551
784	7.269	2.655	3.042232445
785	1.064	1.191	1.16392735
786	7.623	2.68	3.115430155
787	0.177	0.421	0.474724551
788	2.127	1.864	1.64565504
789	0.177	0.421	0.474724551
790	0.177	0.421	0.474724551
791	0.355	0.421	0.672309481
792	1.064	1.263	1.16392735
793	0.177	0.421	0.474724551
794	0.177	0.421	0.474724551
795	0.177	0.421	0.474724551
796	0.177	0.421	0.474724551
797	0.177	0.421	0.474724551
798	0.177	0.421	0.474724551
799	6.737	2.526	2.928790674
800	0.177	0.421	0.474724551
801	0.177	0.421	0.474724551
802	0.177	0.421	0.474724551
803	0.177	0.421	0.474724551
804	2.659	1.684	1.839984769
805	0.177	0.421	0.474724551
806	1.95	1.684	1.575695755
807	0.177	0.421	0.474724551
808	0.177	0.421	0.474724551
809	0.177	0.421	0.474724551
810	1.95	1.263	1.575695755
811	4.964	2.105	2.514032836
812	0.177	0.421	0.474724551
813	0.177	0.421	0.474724551
814	2.837	1.883	1.900573752
815	0.177	0.421	0.474724551
816	0.886	0.842	1.062115924
817	0.177	0.421	0.474724551
818	0.177	0.421	0.474724551
819	1.596	1.263	1.425514052
820	0.177	0.421	0.474724551
821	1.95	1.684	1.575695755
822	2.837	1.684	1.900573752
823	0.177	0.421	0.474724551
824	0.177	0.421	0.474724551
825	7.091	2.947	3.00475317
826	0.177	0.421	0.474724551
827	0.709	0.893	0.950119381
828	0.177	0.421	0.474724551
829	0.177	0.421	0.474724551
830	1.241	1.263	1.257016418
831	0.709	1.13	0.950119381
832	0.177	0.421	0.474724551
833	0.177	0.421	0.474724551
834	1.241	1.191	1.257016418
835	0.177	0.421	0.474724551
836	0.177	0.421	0.474724551
837	0.532	0.753	0.823020922
838	0.886	1.263	1.062115924
839	0.886	0.842	1.062115924
840	2.837	1.883	1.900573752
841	0.532	0.842	0.823020922
842	1.773	1.263	1.502482517
843	0.177	0.421	0.474724551
844	65.95	8.388	9.163522684
845	13.474	4.211	4.141935493
846	0.177	0.421	0.474724551
847	0.177	0.421	0.474724551
848	0.177	0.421	0.474724551
849	3.368	2.358	2.07081404
850	0.355	0.421	0.672309481
851	0.355	0.421	0.672309481
852	2.305	1.263	1.713130804
853	0.355	0.421	0.672309481
854	0.177	0.421	0.474724551
855	2.482	1.684	1.777689666
856	0.177	0.421	0.474724551
857	0.177	0.421	0.474724551
858	0.355	0.595	0.672309481
859	0.355	0.421	0.672309481
860	0.177	0.421	0.474724551
861	0.886	1.051	1.062115924
862	0.177	0.421	0.474724551
863	5.141	2.382	2.558461354
864	0.177	0.421	0.474724551
865	5.319	2.526	2.602376056
866	0.177	0.421	0.474724551
867	0.886	0.842	1.062115924
868	4.432	2.089	2.375499455
869	0.177	0.421	0.474724551
870	3.014	2.349	1.95896503
871	0.355	0.421	0.672309481
872	0.177	0.421	0.474724551
873	1.418	1.263	1.343671714
874	1.95	1.684	1.575695755
875	0.177	0.421	0.474724551
876	0.177	0.421	0.474724551
877	1.064	0.842	1.16392735
878	0.532	0.595	0.823020922
879	0.886	0.893	1.062115924
880	13.828	4.211	4.195992901
881	0.177	0.421	0.474724551
882	0.177	0.421	0.474724551
883	0.177	0.421	0.474724551
884	0.177	0.421	0.474724551
885	0.177	0.421	0.474724551
886	0.177	0.421	0.474724551
887	0.709	0.893	0.950119381
888	0.177	0.421	0.474724551
889	0.709	0.842	0.950119381
890	0.177	0.421	0.474724551
891	0.355	0.421	0.672309481
892	0.177	0.421	0.474724551
893	0.709	1.191	0.950119381
894	68.609	9.98	9.346426693
895	7.623	3.329	3.115430155
896	1.064	1.263	1.16392735
897	0.177	0.421	0.474724551
898	0.177	0.421	0.474724551
899	0.177	0.421	0.474724551
900	1.241	1.263	1.257016418
901	1.064	0.842	1.16392735
902	0.177	0.421	0.474724551
903	0.177	0.421	0.474724551
904	3.014	2.084	1.95896503
905	2.482	1.684	1.777689666
906	0.355	0.595	0.672309481
907	1.241	1.263	1.257016418
908	0.177	0.421	0.474724551
909	1.418	1.263	1.343671714
910	0.177	0.421	0.474724551
911	0.177	0.421	0.474724551
912	0.177	0.421	0.474724551
913	0.177	0.421	0.474724551
914	5.141	2.082	2.558461354
915	0.177	0.421	0.474724551
916	1.418	1.191	1.343671714
917	0.709	0.842	0.950119381
918	0.177	0.421	0.474724551
919	0.532	0.753	0.823020922
920	0.177	0.421	0.474724551
921	0.177	0.421	0.474724551
922	0.532	0.421	0.823020922
923	0.177	0.421	0.474724551
924	0.177	0.421	0.474724551
925	0.709	0.799	0.950119381
926	1.418	1.263	1.343671714
927	6.205	2.526	2.810774159
928	3.191	1.786	2.015665495
929	103.712	12.259	11.49131062
930	0.177	0.421	0.474724551
931	0.177	0.421	0.474724551
932	0.177	0.421	0.474724551
933	0.177	0.421	0.474724551
934	1.418	1.263	1.343671714
935	33.861	5.474	6.566061546
936	0.177	0.421	0.474724551
937	0.177	0.421	0.474724551
938	0.177	0.421	0.474724551
939	0.177	0.421	0.474724551
940	0.532	0.753	0.823020922
941	1.241	1.263	1.257016418
942	1.064	1.198	1.16392735
943	0.177	0.421	0.474724551
944	0.177	0.421	0.474724551
945	0.355	0.595	0.672309481
946	1.773	1.684	1.502482517
947	0.177	0.421	0.474724551
948	0.709	0.842	0.950119381
949	0.177	0.421	0.474724551
950	12.055	3.201	3.917767567
951	0.355	0.421	0.672309481
952	0.709	0.842	0.950119381
953	0.177	0.421	0.474724551
954	0.177	0.421	0.474724551
955	0.355	0.421	0.672309481
956	0.177	0.421	0.474724551
957	0.177	0.421	0.474724551
958	0.177	0.421	0.474724551
959	0.886	1.191	1.062115924
960	0.709	0.842	0.950119381
961	0.177	0.421	0.474724551
962	2.659	1.684	1.839984769
963	7.801	3.387	3.151593516
964	3.191	2.084	2.015665495
965	0.886	1.13	1.062115924
966	14.892	3.814	4.354432604
967	3.723	2.071	2.177216302
968	0.177	0.421	0.474724551
969	0.709	0.893	0.950119381
970	0.177	0.421	0.474724551
971	0.177	0.421	0.474724551
972	0.177	0.421	0.474724551
973	0.177	0.421	0.474724551
974	7.801	2.89	3.151593516
975	0.177	0.421	0.474724551
976	3.9	2.105	2.228370307
977	0.177	0.421	0.474724551
978	0.177	0.421	0.474724551
979	0.886	0.842	1.062115924
980	4.078	2.526	2.278655495
981	34.393	6.444	6.617441172
982	0.177	0.421	0.474724551
983	0.355	0.421	0.672309481
984	0.177	0.421	0.474724551
985	4.787	2.526	2.468804913
986	0.355	0.595	0.672309481
987	3.368	2.105	2.07081404
988	0.177	0.421	0.474724551
989	1.95	1.263	1.575695755
990	2.305	1.985	1.713130804
991	11.701	2.68	3.859815528
992	75.524	8.618	9.806127848
993	0.177	0.421	0.474724551
994	13.651	4.211	4.169051814
995	0.355	0.421	0.672309481
996	0.177	0.421	0.474724551
997	170.371	13.582	14.72830929
998	6.205	2.796	2.810774159
999	4.432	2.448	2.375499455
1000	1.064	0.842	1.16392735
1001	0.177	0.421	0.474724551
1002	0.177	0.421	0.474724551
1003	0.177	0.421	0.474724551
1004	0.177	0.421	0.474724551
1005	0.177	0.421	0.474724551
1006	3.723	1.997	2.177216302
1007	0.355	0.421	0.672309481
1008	0.177	0.421	0.474724551
1009	0.177	0.421	0.474724551
1010	0.177	0.421	0.474724551
1011	0.177	0.421	0.474724551
1012	2.482	0.842	1.777689666
1013	0.355	0.595	0.672309481
1014	0.177	0.421	0.474724551
1015	0.886	0.842	1.062115924
1016	1.596	1.263	1.425514052
1017	0.709	0.842	0.950119381
1018	0.886	0.842	1.062115924
1019	0.177	0.421	0.474724551
1020	0.177	0.421	0.474724551
1021	0.177	0.421	0.474724551
1022	1.596	1.191	1.425514052
1023	0.177	0.421	0.474724551
1024	0.355	0.421	0.672309481
1025	0.177	0.421	0.474724551
1026	0.177	0.421	0.474724551
1027	1.773	1.263	1.502482517
1028	0.177	0.421	0.474724551
1029	0.177	0.421	0.474724551
1030	0.177	0.421	0.474724551
1031	1.95	1.684	1.575695755
1032	0.177	0.421	0.474724551
1033	0.177	0.421	0.474724551
1034	2.305	1.684	1.713130804
1035	1.418	1.263	1.343671714
1036	0.177	0.421	0.474724551
1037	0.177	0.421	0.474724551
1038	0.177	0.421	0.474724551
1039	0.709	0.799	0.950119381
1040	0.177	0.421	0.474724551
1041	1.95	1.684	1.575695755
1042	0.177	0.421	0.474724551
1043	0.177	0.421	0.474724551
1044	0.177	0.421	0.474724551
1045	9.042	3.329	3.393026962
1046	0.177	0.421	0.474724551
1047	0.177	0.421	0.474724551
1048	1.064	1.191	1.16392735
1049	0.355	0.421	0.672309481
1050	1.418	1.263	1.343671714
1051	0.177	0.421	0.474724551
1052	0.177	0.421	0.474724551
1053	3.191	2.322	2.015665495
1054	0.177	0.421	0.474724551
1055	0.177	0.421	0.474724551
1056	3.723	1.684	2.177216302
1057	0.177	0.421	0.474724551
1058	0.177	0.421	0.474724551
1059	0.532	0.753	0.823020922
1060	29.784	4.346	6.158097645
1061	0.177	0.421	0.474724551
1062	190.05	14.206	15.55567985
1063	9.573	3.368	3.491235048
1064	0.177	0.421	0.474724551
1065	0.177	0.421	0.474724551
1066	0.177	0.421	0.474724551
1067	3.546	2.071	2.124831152
1068	6.205	2.947	2.810774159
1069	2.305	1.263	1.713130804
1070	0.177	0.421	0.474724551
1071	0.177	0.421	0.474724551
1072	4.078	2.448	2.278655495
1073	0.177	0.421	0.474724551
1074	2.127	1.684	1.64565504
1075	0.177	0.421	0.474724551
1076	0.177	0.421	0.474724551
1077	0.177	0.421	0.474724551
1078	0.355	0.421	0.672309481
1079	0.177	0.421	0.474724551
1080	0.177	0.421	0.474724551
1081	1.418	1.263	1.343671714
1082	0.177	0.421	0.474724551
1083	0.177	0.421	0.474724551
1084	3.546	2.382	2.124831152
1085	36.166	6.184	6.785866295
1086	0.709	0.799	0.950119381
1087	0.177	0.421	0.474724551
1088	0.177	0.421	0.474724551
1089	9.928	3.716	3.555379333
1090	0.177	0.421	0.474724551
1091	0.177	0.421	0.474724551
1092	4.964	2.448	2.514032836
1093	0.709	0.842	0.950119381
1094	0.177	0.421	0.474724551
1095	0.177	0.421	0.474724551
1096	0.177	0.421	0.474724551
1097	0.177	0.421	0.474724551
1098	1.773	1.684	1.502482517
1099	10.105	3.368	3.586932617
1100	1.064	1.191	1.16392735
1101	0.177	0.421	0.474724551
1102	0.177	0.421	0.474724551
1103	0.177	0.421	0.474724551
1104	18.615	3.87	4.868403653
1105	0.177	0.421	0.474724551
1106	0.177	0.421	0.474724551
1107	0.355	0.421	0.672309481
1108	5.673	2.526	2.687580313
1109	0.177	0.421	0.474724551
1110	0.177	0.421	0.474724551
1111	4.078	2.526	2.278655495
1112	0.177	0.421	0.474724551
1113	0.177	0.421	0.474724551
1114	0.709	0.842	0.950119381
1115	0.532	0.421	0.823020922
1116	0.532	0.842	0.823020922
1117	0.177	0.421	0.474724551
1118	0.177	0.421	0.474724551
1119	0.177	0.421	0.474724551
1120	0.355	0.421	0.672309481
1121	0.709	0.842	0.950119381
1122	0.355	0.421	0.672309481
1123	1.773	1.263	1.502482517
1124	1.418	1.263	1.343671714
1125	0.177	0.421	0.474724551
1126	0.177	0.421	0.474724551
1127	3.014	2.105	1.95896503
1128	0.177	0.421	0.474724551
1129	0.177	0.421	0.474724551
1130	0.177	0.421	0.474724551
1131	0.709	0.842	0.950119381
1132	0.177	0.421	0.474724551
1133	2.127	1.263	1.64565504
1134	3.191	2.105	2.015665495
1135	0.177	0.421	0.474724551
1136	0.177	0.421	0.474724551
1137	0.177	0.421	0.474724551
1138	0.177	0.421	0.474724551
1139	0.177	0.421	0.474724551
1140	3.014	1.684	1.95896503
1141	3.723	2.071	2.177216302
1142	1.95	1.489	1.575695755
1143	0.355	0.421	0.672309481
1144	0.177	0.421	0.474724551
1145	13.296	3.87	4.11448575
1146	3.014	1.684	1.95896503
1147	5.673	2.397	2.687580313
1148	0.177	0.421	0.474724551
1149	0.177	0.421	0.474724551
1150	0.177	0.421	0.474724551
1151	7.623	2.947	3.115430155
1152	0.886	0.893	1.062115924
1153	0.177	0.421	0.474724551
1154	0.177	0.421	0.474724551
1155	0.177	0.421	0.474724551
1156	2.127	1.684	1.64565504
1157	0.355	0.421	0.672309481
1158	0.177	0.421	0.474724551
1159	4.964	2.796	2.514032836
1160	5.141	2.416	2.558461354
1161	0.532	0.421	0.823020922
1162	0.355	0.421	0.672309481
1163	0.177	0.421	0.474724551
1164	0.177	0.421	0.474724551
1165	1.418	1.489	1.343671714
1166	0.177	0.421	0.474724551
1167	0.709	0.799	0.950119381
1168	6.028	3.036	2.770394913
1169	2.305	1.684	1.713130804
1170	2.837	1.786	1.900573752
1171	1.418	1.263	1.343671714
1172	0.177	0.421	0.474724551
1173	4.432	2.397	2.375499455
1174	1.95	1.263	1.575695755
1175	0.532	0.842	0.823020922
1176	8.51	3.153	3.291696907
1177	0.177	0.421	0.474724551
1178	0.886	0.842	1.062115924
1179	0.177	0.421	0.474724551
1180	0.177	0.421	0.474724551
1181	1.064	1.021	1.16392735
1182	0.532	0.421	0.823020922
1183	0.177	0.421	0.474724551
1184	0.177	0.421	0.474724551
1185	0.177	0.421	0.474724551
1186	5.141	2.526	2.558461354
1187	17.197	4.211	4.679305552
1188	0.177	0.421	0.474724551
1189	0.177	0.421	0.474724551
1190	0.177	0.421	0.474724551
1191	0.177	0.421	0.474724551
1192	0.177	0.421	0.474724551
1193	0.177	0.421	0.474724551
1194	0.177	0.421	0.474724551
1195	0.177	0.421	0.474724551
1196	3.368	1.684	2.07081404
1197	0.177	0.421	0.474724551
1198	0.177	0.421	0.474724551
1199	3.9	2.448	2.228370307
1200	3.191	2.084	2.015665495
1201	0.177	0.421	0.474724551
1202	0.886	0.842	1.062115924
1203	0.177	0.421	0.474724551
1204	0.177	0.421	0.474724551
1205	1.95	1.684	1.575695755
1206	2.127	1.263	1.64565504
1207	0.177	0.421	0.474724551
1208	0.355	0.421	0.672309481
1209	0.177	0.421	0.474724551
1210	0.177	0.421	0.474724551
1211	0.177	0.421	0.474724551
1212	0.532	0.421	0.823020922
1213	1.241	0.842	1.257016418
1214	1.596	1.263	1.425514052
1215	1.241	0.842	1.257016418
1216	0.355	0.421	0.672309481
1217	3.368	2.105	2.07081404
1218	0.177	0.421	0.474724551
1219	16.488	4.045	4.581830815
1220	0.355	0.421	0.672309481
1221	0.177	0.421	0.474724551
1222	2.305	2.084	1.713130804
1223	0.709	0.842	0.950119381
1224	2.659	1.263	1.839984769
1225	1.418	1.263	1.343671714
1226	0.177	0.421	0.474724551
1227	0.177	0.421	0.474724551
1228	4.787	2.58	2.468804913
1229	1.773	1.263	1.502482517
1230	0.177	0.421	0.474724551
1231	0.177	0.421	0.474724551
1232	2.837	2.105	1.900573752
1233	0.355	0.421	0.672309481
1234	0.709	0.842	0.950119381
1235	0.177	0.421	0.474724551
1236	3.546	2.071	2.124831152
1237	0.355	0.595	0.672309481
1238	1.064	1.13	1.16392735
1239	47.158	6.316	7.748769609
1240	0.532	0.421	0.823020922
1241	3.546	2.071	2.124831152
1242	246.781	16.842	17.72600711
1243	0.709	0.893	0.950119381
1244	1.773	1.506	1.502482517
1245	0.177	0.421	0.474724551
1246	0.177	0.421	0.474724551
1247	0.709	0.842	0.950119381
1248	1.95	1.263	1.575695755
1249	4.609	2.382	2.422470033
1250	15.424	3.487	4.431528713
1251	0.355	0.421	0.672309481
1252	0.709	0.842	0.950119381
1253	0.355	0.421	0.672309481
1254	5.319	2.336	2.602376056
1255	0.177	0.421	0.474724551
1256	0.177	0.421	0.474724551
1257	0.177	0.421	0.474724551
1258	0.177	0.421	0.474724551
1259	0.177	0.421	0.474724551
1260	3.723	1.985	2.177216302
1261	0.177	0.421	0.474724551
1262	0.532	0.421	0.823020922
1263	0.177	0.421	0.474724551
1264	0.355	0.421	0.672309481
1265	0.177	0.421	0.474724551
1266	0.177	0.421	0.474724551
1267	0.177	0.421	0.474724551
1268	157.075	13.219	14.14192708
1269	0.177	0.421	0.474724551
1270	0.177	0.421	0.474724551
1271	0.177	0.421	0.474724551
1272	0.177	0.421	0.474724551
1273	0.177	0.421	0.474724551
1274	0.355	0.421	0.672309481
1275	0.177	0.421	0.474724551
1276	0.709	0.842	0.950119381
1277	0.177	0.421	0.474724551
1278	0.177	0.421	0.474724551
1279	0.177	0.421	0.474724551
1280	1.418	1.263	1.343671714
1281	0.886	1.065	1.062115924
1282	0.177	0.421	0.474724551
1283	0.532	0.753	0.823020922
1284	0.177	0.421	0.474724551
1285	0.532	0.421	0.823020922
1286	0.177	0.421	0.474724551
1287	0.177	0.421	0.474724551
1288	16.665	4.211	4.606358324
1289	0.355	0.595	0.672309481
1290	0.177	0.421	0.474724551
1291	1.596	1.318	1.425514052
1292	2.127	1.684	1.64565504
1293	66.659	9.684	9.212647546
1294	0.177	0.421	0.474724551
1295	0.177	0.421	0.474724551
1296	0.177	0.421	0.474724551
1297	1.064	1.13	1.16392735
1298	16.488	5.053	4.581830815
1299	0.355	0.595	0.672309481
1300	0.532	0.753	0.823020922
1301	5.673	2.68	2.687580313
1302	0.886	0.842	1.062115924
1303	0.355	0.421	0.672309481
1304	3.191	2.084	2.015665495
1305	0.177	0.421	0.474724551
1306	20.388	4.371	5.094978689
1307	1.596	1.263	1.425514052
1308	0.355	0.421	0.672309481
1309	0.177	0.421	0.474724551
1310	0.177	0.421	0.474724551
1311	0.177	0.421	0.474724551
1312	0.177	0.421	0.474724551
1313	1.241	1.191	1.257016418
1314	18.083	3.676	4.798332073
1315	4.078	1.786	2.278655495
1316	1.596	1.263	1.425514052
1317	0.177	0.421	0.474724551
1318	11.878	4.211	3.888899499
1319	1.418	1.263	1.343671714
1320	0.177	0.421	0.474724551
1321	0.177	0.421	0.474724551
1322	0.177	0.421	0.474724551
1323	0.177	0.421	0.474724551
1324	0.177	0.421	0.474724551
1325	0.355	0.421	0.672309481
1326	0.709	0.893	0.950119381
1327	0.177	0.421	0.474724551
1328	12.055	4.143	3.917767567
1329	0.177	0.421	0.474724551
1330	0.177	0.421	0.474724551
1331	0.886	0.842	1.062115924
1332	0.886	0.842	1.062115924
1333	0.177	0.421	0.474724551
1334	0.886	0.842	1.062115924
1335	0.177	0.421	0.474724551
1336	0.709	0.842	0.950119381
1337	0.532	0.753	0.823020922
1338	16.665	3.87	4.606358324
1339	3.191	1.684	2.015665495
1340	0.886	0.842	1.062115924
1341	7.801	2.947	3.151593516
1342	115.59	11.545	12.13151924
1343	0.177	0.421	0.474724551
1344	0.177	0.421	0.474724551
1345	0.177	0.421	0.474724551
1346	6.028	2.526	2.770394913
1347	0.177	0.421	0.474724551
1348	0.355	0.421	0.672309481
1349	1.064	1.263	1.16392735
1350	0.177	0.421	0.474724551
1351	0.709	0.893	0.950119381
1352	0.177	0.421	0.474724551
1353	0.532	0.421	0.823020922
1354	0.177	0.421	0.474724551
1355	0.355	0.421	0.672309481
1356	1.241	1.263	1.257016418
1357	0.355	0.421	0.672309481
1358	0.177	0.421	0.474724551
1359	4.432	2.349	2.375499455
1360	0.886	1.191	1.062115924
1361	0.177	0.421	0.474724551
1362	2.305	1.684	1.713130804
1363	97.33	10.416	11.13213389
1364	1.064	0.893	1.16392735
1365	1.773	1.684	1.502482517
1366	0.177	0.421	0.474724551
1367	12.942	3.737	4.059343073
1368	0.177	0.421	0.474724551
1369	0.177	0.421	0.474724551
1370	0.709	0.842	0.950119381
1371	0.177	0.421	0.474724551
1372	11.878	3.377	3.888899499
1373	7.623	2.105	3.115430155
1374	1.596	1.263	1.425514052
1375	3.368	2.105	2.07081404
1376	0.177	0.421	0.474724551
1377	0.177	0.421	0.474724551
1378	0.532	0.842	0.823020922
1379	2.127	1.263	1.64565504
1380	18.26	3.573	4.821758402
1381	0.355	0.595	0.672309481
1382	0.177	0.421	0.474724551
1383	20.92	5.474	5.161024247
1384	2.482	1.489	1.777689666
1385	0.177	0.421	0.474724551
1386	0.177	0.421	0.474724551
1387	0.355	0.421	0.672309481
1388	0.177	0.421	0.474724551
1389	0.355	0.595	0.672309481
1390	0.355	0.421	0.672309481
1391	0.177	0.421	0.474724551
1392	0.886	1.191	1.062115924
1393	0.177	0.421	0.474724551
1394	0.886	1.051	1.062115924
1395	0.177	0.421	0.474724551
1396	0.355	0.421	0.672309481
1397	1.95	1.263	1.575695755
1398	0.355	0.421	0.672309481
1399	0.177	0.421	0.474724551
1400	0.177	0.421	0.474724551
1401	0.177	0.421	0.474724551
1402	0.886	0.842	1.062115924
1403	0.177	0.421	0.474724551
1404	1.241	1.191	1.257016418
1405	0.177	0.421	0.474724551
1406	0.177	0.421	0.474724551
1407	0.177	0.421	0.474724551
1408	6.56	2.947	2.890060798
1409	0.355	0.421	0.672309481
1410	0.355	0.421	0.672309481
1411	0.177	0.421	0.474724551
1412	0.355	0.595	0.672309481
1413	0.886	0.893	1.062115924
1414	0.355	0.421	0.672309481
1415	0.355	0.421	0.672309481
1416	0.355	0.421	0.672309481
1417	0.532	0.595	0.823020922
1418	0.355	0.421	0.672309481
1419	0.355	0.421	0.672309481
1420	0.177	0.421	0.474724551
1421	0.177	0.421	0.474724551
1422	0.177	0.421	0.474724551
1423	0.355	0.421	0.672309481
1424	0.177	0.421	0.474724551
1425	0.177	0.421	0.474724551
1426	0.177	0.421	0.474724551
1427	0.355	0.421	0.672309481
1428	0.177	0.421	0.474724551
1429	0.177	0.421	0.474724551
1430	0.177	0.421	0.474724551
1431	0.177	0.421	0.474724551
1432	4.609	2.105	2.422470033
1433	2.659	1.786	1.839984769
1434	1.064	0.842	1.16392735
1435	0.177	0.421	0.474724551
1436	0.177	0.421	0.474724551
1437	4.078	2.105	2.278655495
1438	0.177	0.421	0.474724551
1439	3.368	2.071	2.07081404
1440	0.532	0.753	0.823020922
1441	1.773	1.489	1.502482517
1442	0.177	0.421	0.474724551
1443	0.177	0.421	0.474724551
1444	0.177	0.421	0.474724551
1445	0.177	0.421	0.474724551
1446	0.177	0.421	0.474724551
1447	0.177	0.421	0.474724551
1448	0.532	0.753	0.823020922
1449	0.177	0.421	0.474724551
1450	2.127	1.489	1.64565504
1451	0.177	0.421	0.474724551
1452	0.709	0.842	0.950119381
1453	1.95	1.263	1.575695755
1454	0.177	0.421	0.474724551
1455	1.241	1.263	1.257016418
1456	0.709	0.893	0.950119381
1457	0.177	0.421	0.474724551
1458	0.177	0.421	0.474724551
1459	0.177	0.421	0.474724551
1460	212.211	15.048	16.43762261
1461	1.064	1.191	1.16392735
1462	0.177	0.421	0.474724551
1463	0.177	0.421	0.474724551
1464	0.355	0.421	0.672309481
1465	0.355	0.595	0.672309481
1466	0.177	0.421	0.474724551
1467	0.709	0.842	0.950119381
1468	6.914	2.397	2.967015034
1469	0.177	0.421	0.474724551
1470	0.355	0.421	0.672309481
1471	0.532	0.421	0.823020922
1472	0.709	0.421	0.950119381
1473	0.177	0.421	0.474724551
1474	0.177	0.421	0.474724551
1475	1.064	1.191	1.16392735
1476	0.177	0.421	0.474724551
1477	0.177	0.421	0.474724551
1478	10.992	3.759	3.741049195
1479	0.177	0.421	0.474724551
1480	0.355	0.421	0.672309481
1481	0.177	0.421	0.474724551
1482	133.496	13.071	13.03734583
1483	0.177	0.421	0.474724551
1484	0.177	0.421	0.474724551
1485	8.864	3.368	3.359463547
1486	0.355	0.421	0.672309481
1487	8.687	2.977	3.325752836
1488	0.177	0.421	0.474724551
1489	3.368	2.105	2.07081404
1490	0.355	0.421	0.672309481
1491	0.177	0.421	0.474724551
1492	0.177	0.421	0.474724551
1493	0.177	0.421	0.474724551
1494	0.177	0.421	0.474724551
1495	0.177	0.421	0.474724551
1496	62.227	9.117	8.901116624
1497	0.177	0.421	0.474724551
1498	2.837	2.105	1.900573752
1499	0.709	0.893	0.950119381
1500	0.177	0.421	0.474724551
1501	0.355	0.595	0.672309481
1502	0.532	0.421	0.823020922
1503	7.623	2.859	3.115430155
1504	0.177	0.421	0.474724551
1505	0.177	0.421	0.474724551
1506	0.355	0.421	0.672309481
1507	0.177	0.421	0.474724551
1508	1.241	1.263	1.257016418
1509	28.898	5.195	6.065812094
1510	17.197	4.926	4.679305552
1511	0.177	0.421	0.474724551
1512	14.183	4.331	4.249512497
1513	6.914	2.947	2.967015034
1514	7.269	2.947	3.042232445
1515	0.177	0.421	0.474724551
1516	1.95	1.263	1.575695755
1517	0.177	0.421	0.474724551
1518	4.432	2.312	2.375499455
1519	0.532	0.842	0.823020922
1520	0.177	0.421	0.474724551
1521	0.177	0.421	0.474724551
1522	0.177	0.421	0.474724551
1523	0.709	1.13	0.950119381
1524	0.886	1.13	1.062115924
1525	6.382	2.526	2.85058148
1526	0.177	0.421	0.474724551
1527	37.053	6.316	6.868576625
1528	0.177	0.421	0.474724551
1529	0.177	0.421	0.474724551
1530	0.177	0.421	0.474724551
1531	0.355	0.421	0.672309481
1532	2.837	1.569	1.900573752
1533	0.886	1.13	1.062115924
1534	3.191	2.526	2.015665495
1535	0.177	0.421	0.474724551
1536	2.127	1.684	1.64565504
1537	0.532	0.842	0.823020922
1538	0.177	0.421	0.474724551
1539	0.177	0.421	0.474724551
1540	0.177	0.421	0.474724551
1541	0.177	0.421	0.474724551
1542	0.177	0.421	0.474724551
1543	18.26	5.021	4.821758402
1544	8.864	2.947	3.359463547
1545	0.177	0.421	0.474724551
1546	7.978	2.947	3.187146857
1547	1.596	1.263	1.425514052
1548	0.709	0.842	0.950119381
1549	0.886	1.13	1.062115924
1550	0.532	0.753	0.823020922
1551	0.532	0.753	0.823020922
1552	9.751	3.517	3.523543501
1553	0.177	0.421	0.474724551
1554	0.709	0.893	0.950119381
1555	3.368	2.084	2.07081404
1556	0.886	0.842	1.062115924
1557	3.368	1.883	2.07081404
1558	0.177	0.421	0.474724551
1559	0.532	0.753	0.823020922
1560	2.305	1.635	1.713130804
1561	0.177	0.421	0.474724551
1562	0.177	0.421	0.474724551
1563	1.596	1.489	1.425514052
1564	0.532	0.421	0.823020922
1565	19.856	4.3	5.028065672
1566	0.177	0.421	0.474724551
1567	11.524	3.519	3.830510738
1568	0.177	0.421	0.474724551
1569	2.305	1.684	1.713130804
1570	1.596	1.684	1.425514052
1571	1.596	1.684	1.425514052
1572	0.177	0.421	0.474724551
1573	9.396	2.947	3.458808865
1574	0.177	0.421	0.474724551
1575	0.177	0.421	0.474724551
1576	1.418	1.263	1.343671714
1577	0.177	0.421	0.474724551
1578	0.709	0.842	0.950119381
1579	0.886	1.065	1.062115924
1580	0.709	0.842	0.950119381
1581	384.177	23.579	22.11672102
1582	0.177	0.421	0.474724551
1583	0.886	1.191	1.062115924
1584	0.177	0.421	0.474724551
1585	0.177	0.421	0.474724551
1586	0.532	0.753	0.823020922
1587	0.355	0.421	0.672309481
1588	0.177	0.421	0.474724551
1589	2.659	1.684	1.839984769
1590	0.177	0.421	0.474724551
1591	0.355	0.421	0.672309481
1592	0.532	0.842	0.823020922
1593	0.177	0.421	0.474724551
1594	1.596	0.842	1.425514052
1595	0.709	0.842	0.950119381
1596	0.177	0.421	0.474724551
1597	1.95	1.684	1.575695755
1598	0.355	0.421	0.672309481
1599	0.177	0.421	0.474724551
1600	0.177	0.421	0.474724551
1601	0.532	0.842	0.823020922
1602	0.177	0.421	0.474724551
1603	0.177	0.421	0.474724551
1604	0.355	0.421	0.672309481
1605	6.56	2.526	2.890060798
1606	1.418	1.263	1.343671714
1607	3.546	2.382	2.124831152
1608	0.177	0.421	0.474724551
1609	0.355	0.421	0.672309481
1610	7.801	2.68	3.151593516
1611	0.177	0.421	0.474724551
1612	0.355	0.595	0.672309481
1613	2.837	1.684	1.900573752
1614	0.177	0.421	0.474724551
1615	0.177	0.421	0.474724551
1616	0.177	0.421	0.474724551
1617	0.177	0.421	0.474724551
1618	5.141	2.448	2.558461354
1619	0.355	0.421	0.672309481
1620	0.177	0.421	0.474724551
1621	0.355	0.421	0.672309481
1622	0.177	0.421	0.474724551
1623	0.177	0.421	0.474724551
1624	0.709	0.842	0.950119381
1625	1.773	1.489	1.502482517
1626	0.177	0.421	0.474724551
1627	0.177	0.421	0.474724551
1628	0.886	0.842	1.062115924
1629	0.886	1.191	1.062115924
1630	0.177	0.421	0.474724551
1631	0.177	0.421	0.474724551
1632	0.532	0.421	0.823020922
1633	5.319	2.064	2.602376056
1634	0.177	0.421	0.474724551
1635	3.9	2.084	2.228370307
1636	2.837	1.786	1.900573752
1637	0.177	0.421	0.474724551
1638	0.177	0.421	0.474724551
1639	0.177	0.421	0.474724551
1640	0.177	0.421	0.474724551
1641	0.177	0.421	0.474724551
1642	0.355	0.421	0.672309481
1643	8.332	3.578	3.257089481
1644	1.064	1.13	1.16392735
1645	0.355	0.595	0.672309481
1646	0.886	0.893	1.062115924
1647	6.205	2.526	2.810774159
1648	0.177	0.421	0.474724551
1649	4.609	2.105	2.422470033
1650	8.51	2.947	3.291696907
1651	1.418	1.263	1.343671714
1652	5.673	2.448	2.687580313
1653	6.914	2.526	2.967015034
1654	0.177	0.421	0.474724551
1655	0.177	0.421	0.474724551
1656	1.064	1.13	1.16392735
1657	0.177	0.421	0.474724551
1658	1.241	1.263	1.257016418
1659	0.177	0.421	0.474724551
1660	0.177	0.421	0.474724551
1661	0.709	0.817	0.950119381
1662	0.177	0.421	0.474724551
1663	0.177	0.421	0.474724551
1664	0.177	0.421	0.474724551
1665	9.573	3.368	3.491235048
1666	0.177	0.421	0.474724551
1667	0.177	0.421	0.474724551
1668	1.418	1.263	1.343671714
1669	0.177	0.421	0.474724551
1670	1.064	1.263	1.16392735
1671	0.709	0.842	0.950119381
1672	1.95	1.489	1.575695755
1673	0.177	0.421	0.474724551
1674	4.255	2.448	2.327581204
1675	0.177	0.421	0.474724551
1676	0.177	0.421	0.474724551
1677	44.499	7.801	7.527143316
1678	2.305	1.489	1.713130804
1679	1.418	1.263	1.343671714
1680	6.56	2.526	2.890060798
1681	0.177	0.421	0.474724551
1682	0.177	0.421	0.474724551
1683	2.837	1.684	1.900573752
1684	0.177	0.421	0.474724551
1685	0.177	0.421	0.474724551
1686	0.177	0.421	0.474724551
1687	4.964	2.382	2.514032836
1688	0.886	1.13	1.062115924
1689	0.177	0.421	0.474724551
1690	0.177	0.421	0.474724551
1691	6.56	2.526	2.890060798
1692	0.177	0.421	0.474724551
1693	0.177	0.421	0.474724551
1694	7.446	2.89	3.079048822
1695	0.355	0.421	0.672309481
1696	0.177	0.421	0.474724551
1697	13.474	4.211	4.141935493
1698	17.019	4.466	4.655025651
1699	0.177	0.421	0.474724551
1700	0.177	0.421	0.474724551
1701	1.596	1.489	1.425514052
1702	0.177	0.421	0.474724551
1703	5.319	2.382	2.602376056
1704	0.532	0.753	0.823020922
1705	0.177	0.421	0.474724551
1706	1.064	1.191	1.16392735
1707	0.886	0.893	1.062115924
1708	0.177	0.421	0.474724551
1709	4.432	1.997	2.375499455
1710	0.886	0.893	1.062115924
1711	0.709	0.893	0.950119381
1712	2.127	1.489	1.64565504
1713	1.418	1.263	1.343671714
1714	0.177	0.421	0.474724551
1715	0.355	0.421	0.672309481
1716	0.177	0.421	0.474724551
1717	0.177	0.421	0.474724551
1718	0.886	0.842	1.062115924
1719	0.177	0.421	0.474724551
1720	0.177	0.421	0.474724551
1721	0.177	0.421	0.474724551
1722	0.177	0.421	0.474724551
1723	18.438	4.632	4.845202857
1724	0.177	0.421	0.474724551
1725	0.177	0.421	0.474724551
1726	0.177	0.421	0.474724551
1727	0.709	0.842	0.950119381
1728	0.177	0.421	0.474724551
1729	0.177	0.421	0.474724551
1730	0.177	0.421	0.474724551
1731	1.241	1.263	1.257016418
1732	0.177	0.421	0.474724551
1733	0.177	0.421	0.474724551
1734	1.773	1.684	1.502482517
1735	0.177	0.421	0.474724551
1736	0.177	0.421	0.474724551
1737	0.532	0.753	0.823020922
1738	0.177	0.421	0.474724551
1739	1.064	1.191	1.16392735
1740	0.177	0.421	0.474724551
1741	0.177	0.421	0.474724551
1742	0.177	0.421	0.474724551
1743	0.177	0.421	0.474724551
1744	0.177	0.421	0.474724551
1745	0.177	0.421	0.474724551
1746	1.418	1.263	1.343671714
1747	0.886	1.191	1.062115924
1748	1.418	1.263	1.343671714
1749	0.177	0.421	0.474724551
1750	4.255	2.071	2.327581204
1751	1.95	1.684	1.575695755
1752	0.177	0.421	0.474724551
1753	0.177	0.421	0.474724551
1754	1.064	0.842	1.16392735
1755	1.596	1.684	1.425514052
1756	44.144	6.591	7.497058521
1757	0.355	0.421	0.672309481
1758	0.177	0.421	0.474724551
1759	4.078	2.451	2.278655495
1760	0.177	0.421	0.474724551
1761	1.064	0.932	1.16392735
1762	0.355	0.421	0.672309481
1763	0.177	0.421	0.474724551
1764	0.177	0.421	0.474724551
1765	0.886	1.13	1.062115924
1766	0.532	0.421	0.823020922
1767	0.177	0.421	0.474724551
1768	0.532	0.595	0.823020922
1769	2.305	1.263	1.713130804
1770	1.773	1.489	1.502482517
1771	0.532	0.421	0.823020922
1772	30.493	6.924	6.230962481
1773	0.177	0.421	0.474724551
1774	0.177	0.421	0.474724551
1775	0.177	0.421	0.474724551
1776	11.346	3.87	3.800812528
1777	0.177	0.421	0.474724551
1778	0.177	0.421	0.474724551
1779	0.709	0.421	0.950119381
1780	0.177	0.421	0.474724551
1781	0.532	0.421	0.823020922
1782	0.886	0.942	1.062115924
1783	0.177	0.421	0.474724551
1784	0.177	0.421	0.474724551
1785	0.177	0.421	0.474724551
1786	5.319	2.105	2.602376056
1787	0.709	0.842	0.950119381
1788	0.532	0.842	0.823020922
1789	0.177	0.421	0.474724551
1790	0.177	0.421	0.474724551
1791	3.546	2.448	2.124831152
1792	0.886	0.842	1.062115924
1793	0.355	0.421	0.672309481
1794	0.177	0.421	0.474724551
1795	0.177	0.421	0.474724551
1796	0.355	0.421	0.672309481
1797	0.177	0.421	0.474724551
1798	10.637	3.368	3.680142529
1799	0.177	0.421	0.474724551
1800	0.177	0.421	0.474724551
1801	57.795	7.7	8.578279518
1802	19.679	4.948	5.005604959
1803	0.886	0.842	1.062115924
1804	0.532	0.421	0.823020922
1805	0.177	0.421	0.474724551
1806	0.355	0.421	0.672309481
1807	0.177	0.421	0.474724551
1808	0.177	0.421	0.474724551
1809	0.709	0.842	0.950119381
1810	0.177	0.421	0.474724551
1811	0.177	0.421	0.474724551
1812	1.418	1.263	1.343671714
1813	0.177	0.421	0.474724551
1814	0.177	0.421	0.474724551
1815	0.177	0.421	0.474724551
1816	0.355	0.421	0.672309481
1817	0.709	0.842	0.950119381
1818	0.886	0.842	1.062115924
1819	0.177	0.421	0.474724551
1820	1.241	0.842	1.257016418
1821	0.177	0.421	0.474724551
1822	0.177	0.421	0.474724551
1823	0.177	0.421	0.474724551
1824	5.673	2.448	2.687580313
1825	0.886	0.893	1.062115924
1826	0.355	0.421	0.672309481
1827	0.177	0.421	0.474724551
1828	0.532	0.753	0.823020922
1829	1.418	1.263	1.343671714
1830	0.177	0.421	0.474724551
1831	1.241	1.263	1.257016418
1832	0.177	0.421	0.474724551
1833	0.355	0.421	0.672309481
1834	0.177	0.421	0.474724551
1835	0.532	0.421	0.823020922
1836	1.064	1.191	1.16392735
1837	4.787	2.825	2.468804913
1838	0.709	0.421	0.950119381
1839	0.177	0.421	0.474724551
1840	0.177	0.421	0.474724551
1841	0.177	0.421	0.474724551
1842	0.177	0.421	0.474724551
1843	3.368	2.105	2.07081404
1844	0.532	0.421	0.823020922
1845	0.709	0.842	0.950119381
1846	5.141	2.68	2.558461354
1847	0.177	0.421	0.474724551
1848	2.305	1.489	1.713130804
1849	0.177	0.421	0.474724551
1850	0.177	0.421	0.474724551
1851	0.177	0.421	0.474724551
1852	0.532	0.421	0.823020922
1853	0.177	0.421	0.474724551
1854	0.177	0.421	0.474724551
1855	1.241	1.263	1.257016418
1856	0.177	0.421	0.474724551
1857	0.177	0.421	0.474724551
1858	0.886	1.13	1.062115924
1859	2.482	1.883	1.777689666
1860	0.355	0.421	0.672309481
1861	0.177	0.421	0.474724551
1862	6.914	2.89	2.967015034
1863	4.609	2.526	2.422470033
1864	0.177	0.421	0.474724551
1865	0.177	0.421	0.474724551
1866	1.773	1.489	1.502482517
1867	0.177	0.421	0.474724551
1868	0.532	0.842	0.823020922
1869	0.177	0.421	0.474724551
1870	0.177	0.421	0.474724551
1871	0.177	0.421	0.474724551
1872	0.532	0.595	0.823020922
1873	0.355	0.421	0.672309481
1874	0.177	0.421	0.474724551
1875	3.014	1.684	1.95896503
1876	0.177	0.421	0.474724551
1877	0.177	0.421	0.474724551
1878	7.269	3.716	3.042232445
1879	2.305	1.684	1.713130804
1880	0.177	0.421	0.474724551
1881	0.177	0.421	0.474724551
1882	1.418	1.263	1.343671714
1883	0.886	1.191	1.062115924
1884	0.177	0.421	0.474724551
1885	9.573	3.827	3.491235048
1886	0.177	0.421	0.474724551
1887	0.355	0.595	0.672309481
1888	0.177	0.421	0.474724551
1889	0.886	1.191	1.062115924
1890	0.177	0.421	0.474724551
1891	0.355	0.421	0.672309481
1892	0.177	0.421	0.474724551
1893	0.886	1.263	1.062115924
1894	0.177	0.421	0.474724551
1895	0.355	0.421	0.672309481
1896	0.177	0.421	0.474724551
1897	0.355	0.421	0.672309481
1898	0.177	0.421	0.474724551
1899	4.964	2.737	2.514032836
1900	0.355	0.421	0.672309481
1901	0.355	0.421	0.672309481
1902	2.659	1.786	1.839984769
1903	0.177	0.421	0.474724551
1904	4.255	2.105	2.327581204
1905	0.532	0.753	0.823020922
1906	0.532	0.421	0.823020922
1907	0.355	0.421	0.672309481
1908	1.418	1.263	1.343671714
1909	2.127	1.263	1.64565504
1910	0.532	0.421	0.823020922
1911	3.191	2.084	2.015665495
1912	5.496	2.68	2.645321254
1913	38.116	5.863	6.96640499
1914	0.886	1.191	1.062115924
1915	0.532	0.421	0.823020922
1916	0.709	0.842	0.950119381
1917	0.177	0.421	0.474724551
1918	1.773	1.263	1.502482517
1919	2.305	1.43	1.713130804
1920	0.532	0.842	0.823020922
1921	2.482	1.684	1.777689666
1922	0.177	0.421	0.474724551
1923	0.177	0.421	0.474724551
1924	0.355	0.421	0.672309481
1925	0.177	0.421	0.474724551
1926	7.091	2.526	3.00475317
1927	2.659	1.263	1.839984769
1928	15.956	3.87	4.50730631
1929	0.177	0.421	0.474724551
1930	0.177	0.421	0.474724551
1931	0.886	1.191	1.062115924
1932	0.177	0.421	0.474724551
1933	0.177	0.421	0.474724551
1934	0.355	0.421	0.672309481
1935	0.355	0.421	0.672309481
1936	1.773	1.263	1.502482517
1937	0.709	0.842	0.950119381
1938	2.305	1.465	1.713130804
1939	0.532	0.421	0.823020922
1940	0.177	0.421	0.474724551
1941	1.241	0.842	1.257016418
1942	0.177	0.421	0.474724551
1943	0.355	0.421	0.672309481
1944	1.241	1.263	1.257016418
1945	10.105	3.153	3.586932617
1946	0.355	0.421	0.672309481
1947	0.709	0.893	0.950119381
1948	0.177	0.421	0.474724551
1949	0.177	0.421	0.474724551
1950	0.355	0.595	0.672309481
1951	3.014	1.985	1.95896503
1952	1.773	1.263	1.502482517
1953	0.177	0.421	0.474724551
1954	1.773	1.263	1.502482517
1955	0.177	0.421	0.474724551
1956	0.886	0.893	1.062115924
1957	0.177	0.421	0.474724551
1958	1.418	1.263	1.343671714
1959	0.355	0.421	0.672309481
1960	0.177	0.421	0.474724551
1961	0.355	0.421	0.672309481
1962	1.241	1.263	1.257016418
1963	0.177	0.421	0.474724551
1964	0.355	0.421	0.672309481
1965	0.709	0.421	0.950119381
1966	10.637	2.947	3.680142529
1967	3.546	2.084	2.124831152
1968	16.842	3.597	4.630755922
1969	0.177	0.421	0.474724551
1970	0.177	0.421	0.474724551
1971	0.709	0.842	0.950119381
1972	1.064	0.842	1.16392735
1973	0.177	0.421	0.474724551
1974	0.355	0.421	0.672309481
1975	0.177	0.421	0.474724551
1976	0.177	0.421	0.474724551
1977	0.177	0.421	0.474724551
1978	1.773	1.263	1.502482517
1979	0.355	0.421	0.672309481
1980	10.637	3.595	3.680142529
1981	0.177	0.421	0.474724551
1982	0.177	0.421	0.474724551
1983	0.177	0.421	0.474724551
1984	3.191	1.786	2.015665495
1985	0.886	0.942	1.062115924
1986	6.56	2.919	2.890060798
1987	0.177	0.421	0.474724551
1988	0.886	0.842	1.062115924
1989	0.709	0.893	0.950119381
1990	0.355	0.421	0.672309481
1991	0.355	0.595	0.672309481
1992	1.596	1.285	1.425514052
1993	0.532	0.842	0.823020922
1994	0.532	0.421	0.823020922
1995	0.177	0.421	0.474724551
1996	0.355	0.421	0.672309481
1997	0.177	0.421	0.474724551
1998	0.177	0.421	0.474724551
1999	0.709	0.817	0.950119381
2000	0.177	0.421	0.474724551
2001	0.532	0.753	0.823020922
2002	0.355	0.421	0.672309481
2003	0.886	0.842	1.062115924
2004	0.177	0.421	0.474724551
2005	0.177	0.421	0.474724551
2006	0.177	0.421	0.474724551
2007	2.127	1.263	1.64565504
2008	0.886	1.13	1.062115924
2009	1.064	1.263	1.16392735
2010	0.177	0.421	0.474724551
2011	0.177	0.421	0.474724551
2012	1.773	1.506	1.502482517
2013	1.064	1.13	1.16392735
2014	0.177	0.421	0.474724551
2015	306.526	18.887	19.7555315
2016	0.177	0.421	0.474724551
2017	0.177	0.421	0.474724551
2018	0.177	0.421	0.474724551
2019	0.177	0.421	0.474724551
2020	0.177	0.421	0.474724551
2021	0.177	0.421	0.474724551
2022	0.177	0.421	0.474724551
2023	2.127	1.489	1.64565504
2024	0.355	0.595	0.672309481
2025	10.814	3.861	3.710635045
2026	0.709	0.421	0.950119381
2027	0.177	0.421	0.474724551
2028	1.064	1.191	1.16392735
2029	0.355	0.421	0.672309481
2030	3.723	2.105	2.177216302
2031	0.886	1.191	1.062115924
2032	1.596	1.263	1.425514052
2033	10.283	3.778	3.61838669
2034	0.177	0.421	0.474724551
2035	0.177	0.421	0.474724551
2036	0.355	0.421	0.672309481
2037	0.532	0.753	0.823020922
2038	0.177	0.421	0.474724551
2039	0.177	0.421	0.474724551
2040	1.418	1.263	1.343671714
2041	0.709	0.842	0.950119381
2042	2.305	1.868	1.713130804
2043	1.95	1.569	1.575695755
2044	0.177	0.421	0.474724551
2045	0.355	0.421	0.672309481
2046	0.355	0.421	0.672309481
2047	1.064	1.13	1.16392735
2048	0.177	0.421	0.474724551
2049	6.205	2.977	2.810774159
2050	0.177	0.421	0.474724551
2051	0.709	0.842	0.950119381
2052	0.355	0.421	0.672309481
2053	1.95	1.684	1.575695755
2054	0.532	0.595	0.823020922
2055	0.177	0.421	0.474724551
2056	0.532	0.421	0.823020922
2057	16.842	4.049	4.630755922
2058	0.177	0.421	0.474724551
2059	0.177	0.421	0.474724551
2060	0.886	0.842	1.062115924
2061	0.177	0.421	0.474724551
2062	2.837	1.684	1.900573752
2063	2.482	1.985	1.777689666
2064	2.837	1.684	1.900573752
2065	0.355	0.421	0.672309481
2066	1.596	1.489	1.425514052
2067	0.177	0.421	0.474724551
2068	4.964	2.526	2.514032836
2069	3.191	2.105	2.015665495
2070	0.177	0.421	0.474724551
2071	3.546	2.442	2.124831152
2072	0.177	0.421	0.474724551
2073	1.95	1.489	1.575695755
2074	0.177	0.421	0.474724551
2075	0.355	0.421	0.672309481
2076	4.078	2.264	2.278655495
2077	0.177	0.421	0.474724551
2078	2.659	1.684	1.839984769
2079	0.177	0.421	0.474724551
2080	0.177	0.421	0.474724551
2081	28.188	5.465	5.990832687
2082	0.709	0.842	0.950119381
2083	11.524	2.769	3.830510738
2084	0.177	0.421	0.474724551
2085	0.177	0.421	0.474724551
2086	0.177	0.421	0.474724551
2087	0.177	0.421	0.474724551
2088	1.064	1.263	1.16392735
2089	0.355	0.421	0.672309481
2090	0.177	0.421	0.474724551
2091	0.709	0.842	0.950119381
2092	0.177	0.421	0.474724551
2093	1.064	0.842	1.16392735
2094	1.596	1.489	1.425514052
2095	1.064	0.842	1.16392735
2096	0.355	0.421	0.672309481
2097	26.416	5.061	5.799473753
2098	0.177	0.421	0.474724551
2099	0.355	0.421	0.672309481
2100	0.177	0.421	0.474724551
2101	42.371	5.922	7.344959683
2102	0.532	0.753	0.823020922
2103	0.709	0.842	0.950119381
2104	0.355	0.421	0.672309481
2105	0.177	0.421	0.474724551
2106	0.177	0.421	0.474724551
2107	0.355	0.421	0.672309481
2108	0.177	0.421	0.474724551
2109	1.95	1.263	1.575695755
2110	0.709	0.842	0.950119381
2111	5.319	2.349	2.602376056
2112	2.482	2.071	1.777689666
2113	0.355	0.421	0.672309481
2114	0.355	0.421	0.672309481
2115	0.177	0.421	0.474724551
2116	0.177	0.421	0.474724551
2117	0.177	0.421	0.474724551
2118	76.765	8.426	9.886366049
2119	5.141	2.636	2.558461354
2120	1.95	1.465	1.575695755
2121	0.177	0.421	0.474724551
2122	0.355	0.421	0.672309481
2123	1.773	1.684	1.502482517
2124	0.177	0.421	0.474724551
2125	0.177	0.421	0.474724551
2126	0.886	1.13	1.062115924
2127	0.177	0.421	0.474724551
2128	0.886	0.842	1.062115924
2129	0.177	0.421	0.474724551
2130	0.177	0.421	0.474724551
2131	0.532	0.842	0.823020922
2132	0.355	0.421	0.672309481
2133	6.56	2.825	2.890060798
2134	0.177	0.421	0.474724551
2135	0.177	0.421	0.474724551
2136	0.177	0.421	0.474724551
2137	5.319	2.526	2.602376056
2138	4.078	2.526	2.278655495
2139	3.546	1.515	2.124831152
2140	0.355	0.421	0.672309481
2141	0.886	0.842	1.062115924
2142	0.177	0.421	0.474724551
2143	1.064	0.842	1.16392735
2144	0.177	0.421	0.474724551
2145	0.177	0.421	0.474724551
2146	0.886	0.842	1.062115924
2147	0.886	0.842	1.062115924
2148	0.532	0.595	0.823020922
2149	0.532	0.842	0.823020922
2150	2.127	1.684	1.64565504
2151	5.496	2.526	2.645321254
2152	0.177	0.421	0.474724551
2153	1.241	1.263	1.257016418
2154	0.177	0.421	0.474724551
2155	0.177	0.421	0.474724551
2156	8.864	3.368	3.359463547
2157	2.305	1.489	1.713130804
2158	0.532	0.421	0.823020922
2159	0.177	0.421	0.474724551
2160	0.177	0.421	0.474724551
2161	0.177	0.421	0.474724551
2162	1.596	1.263	1.425514052
2163	0.355	0.421	0.672309481
2164	0.886	1.191	1.062115924
2165	0.886	0.842	1.062115924
2166	7.623	3.275	3.115430155
2167	0.177	0.421	0.474724551
2168	1.064	0.842	1.16392735
2169	0.177	0.421	0.474724551
2170	1.241	1.263	1.257016418
2171	0.709	1.13	0.950119381
2172	0.177	0.421	0.474724551
2173	0.532	0.842	0.823020922
2174	0.177	0.421	0.474724551
2175	0.177	0.421	0.474724551
2176	0.177	0.421	0.474724551
2177	17.729	3.503	4.751132906
2178	2.305	1.489	1.713130804
2179	0.177	0.421	0.474724551
2180	0.177	0.421	0.474724551
2181	0.177	0.421	0.474724551
2182	0.177	0.421	0.474724551
2183	15.247	4.211	4.406028068
2184	3.723	2.105	2.177216302
2185	0.532	0.421	0.823020922
2186	0.177	0.421	0.474724551
2187	0.355	0.421	0.672309481
2188	1.064	0.842	1.16392735
2189	0.177	0.421	0.474724551
2190	0.355	0.421	0.672309481
2191	0.177	0.421	0.474724551
2192	0.177	0.421	0.474724551
2193	0.886	0.842	1.062115924
2194	0.177	0.421	0.474724551
2195	0.355	0.421	0.672309481
2196	0.532	0.842	0.823020922
2197	1.241	0.842	1.257016418
2198	0.177	0.421	0.474724551
2199	1.773	1.263	1.502482517
2200	0.177	0.421	0.474724551
2201	0.177	0.421	0.474724551
2202	0.355	0.595	0.672309481
2203	0.177	0.421	0.474724551
2204	0.709	0.842	0.950119381
2205	0.886	0.842	1.062115924
2206	0.355	0.421	0.672309481
2207	1.773	1.489	1.502482517
2208	0.177	0.421	0.474724551
2209	0.177	0.421	0.474724551
2210	0.177	0.421	0.474724551
2211	2.482	1.684	1.777689666
2212	1.95	1.465	1.575695755
2213	0.177	0.421	0.474724551
2214	0.355	0.595	0.672309481
2215	0.709	0.842	0.950119381
2216	2.837	2.071	1.900573752
2217	0.709	0.842	0.950119381
2218	0.177	0.421	0.474724551
2219	0.177	0.421	0.474724551
2220	2.127	1.489	1.64565504
2221	0.177	0.421	0.474724551
2222	0.177	0.421	0.474724551
2223	0.886	0.842	1.062115924
2224	3.723	2.084	2.177216302
2225	0.177	0.421	0.474724551
2226	0.177	0.421	0.474724551
2227	0.177	0.421	0.474724551
2228	1.596	1.263	1.425514052
2229	0.177	0.421	0.474724551
2230	2.659	1.263	1.839984769
2231	6.028	2.526	2.770394913
2232	1.064	1.191	1.16392735
2233	0.177	0.421	0.474724551
2234	0.177	0.421	0.474724551
2235	1.773	1.684	1.502482517
2236	2.837	1.684	1.900573752
2237	0.709	0.842	0.950119381
2238	0.177	0.421	0.474724551
2239	3.9	1.684	2.228370307
2240	0.177	0.421	0.474724551
2241	0.709	0.893	0.950119381
2242	0.709	0.842	0.950119381
2243	0.355	0.421	0.672309481
2244	0.177	0.421	0.474724551
